时间,质押数量,质押一天改变数量,质押总改变数量,holders,holders一天改变数量,holders总改变数量
2020-12-20,4064,0,0,254,0,0
2020-12-21,4064,0,0,280,26,26
2020-12-22,5664,1600,1600,365,85,111
2020-12-23,7616,1952,3552,390,25,136
2020-12-24,8128,512,4064,423,33,169
2020-12-25,11680,3552,7616,499,76,245
2020-12-26,11936,256,7872,576,77,322
2020-12-27,15392,3456,11328,615,39,361
2020-12-28,15392,0,11328,654,39,400
2020-12-29,15840,448,11776,725,71,471
2020-12-30,16608,768,12544,754,29,500
2020-12-31,16608,0,12544,790,36,536
2021-01-01,16864,256,12800,809,19,555
2021-01-02,17120,256,13056,824,15,570
2021-01-03,17120,0,13056,835,11,581
2021-01-04,17120,0,13056,851,16,597
2021-01-05,17664,544,13600,906,55,652
2021-01-06,18272,608,14208,953,47,699
2021-01-07,18880,608,14816,996,43,742
2021-01-08,20256,1376,16192,1120,124,866
2021-01-09,21536,1280,17472,1278,158,1024
2021-01-10,22400,864,18336,1405,127,1151
2021-01-11,26048,3648,21984,1444,39,1190
2021-01-12,27936,1888,23872,1525,81,1271
2021-01-13,46976,19040,42912,1649,124,1395
2021-01-14,62912,15936,58848,1743,94,1489
2021-01-15,66816,3904,62752,1824,81,1570
2021-01-16,67584,768,63520,1881,57,1627
2021-01-17,67584,0,63520,1943,62,1689
2021-01-18,71328,3744,67264,1987,44,1733
2021-01-19,73984,2656,69920,2032,45,1778
2021-01-20,76480,2496,72416,2070,38,1816
2021-01-21,76928,448,72864,2097,27,1843
2021-01-22,76928,0,72864,2124,27,1870
2021-01-23,88736,11808,84672,2164,40,1910
2021-01-24,90112,1376,86048,2233,69,1979
2021-01-25,91136,1024,87072,2276,43,2022
2021-01-26,95328,4192,91264,2329,53,2075
2021-01-27,97152,1824,93088,2374,45,2120
2021-01-28,100160,3008,96096,2413,39,2159
2021-01-29,100160,0,96096,2437,24,2183
2021-01-30,100416,256,96352,2487,50,2233
2021-01-31,105344,4928,101280,2543,56,2289
2021-02-01,108192,2848,104128,2599,56,2345
2021-02-02,116512,8320,112448,2769,170,2515
2021-02-03,125248,8736,121184,2842,73,2588
2021-02-04,126496,1248,122432,2876,34,2622
2021-02-05,128480,1984,124416,2916,40,2662
2021-02-06,131456,2976,127392,2970,54,2716
2021-02-07,135712,4256,131648,3022,52,2768
2021-02-08,137472,1760,133408,3064,42,2810
2021-02-09,143872,6400,139808,3095,31,2841
2021-02-10,143872,0,139808,3123,28,2869
2021-02-11,144128,256,140064,3176,53,2922
2021-02-12,144128,0,140064,3216,40,2962
2021-02-13,145408,1280,141344,3255,39,3001
2021-02-14,160768,15360,156704,3301,46,3047
2021-02-15,160768,0,156704,3344,43,3090
2021-02-16,160768,0,156704,3380,36,3126
2021-02-17,164640,3872,160576,3419,39,3165
2021-02-18,177312,12672,173248,3459,40,3205
2021-02-19,179392,2080,175328,3487,28,3233
2021-02-20,180000,608,175936,3523,36,3269
2021-02-21,180352,352,176288,3579,56,3325
2021-02-22,180352,0,176288,3595,16,3341
2021-02-23,180352,0,176288,3612,17,3358
2021-02-24,180800,448,176736,3632,20,3378
2021-02-25,180800,0,176736,3671,39,3417
2021-02-26,181184,384,177120,3699,28,3445
2021-02-27,181568,384,177504,3739,40,3485
2021-02-28,181888,320,177824,3775,36,3521
2021-03-01,181888,0,177824,3822,47,3568
2021-03-02,182144,256,178080,3858,36,3604
2021-03-03,182144,0,178080,3894,36,3640
2021-03-04,182656,512,178592,3925,31,3671
2021-03-05,182656,0,178592,3951,26,3697
2021-03-06,182912,256,178848,3991,40,3737
2021-03-07,182912,0,178848,4021,30,3767
2021-03-08,183232,320,179168,4073,52,3819
2021-03-09,183488,256,179424,4108,35,3854
2021-03-10,184064,576,180000,4132,24,3878
2021-03-11,184448,384,180384,4155,23,3901
2021-03-12,184832,384,180768,4169,14,3915
2021-03-13,185120,288,181056,4185,16,3931
2021-03-14,185120,0,181056,4198,13,3944
2021-03-15,185120,0,181056,4217,19,3963
2021-03-16,185120,0,181056,4232,15,3978
2021-03-17,185120,0,181056,4243,11,3989
2021-03-18,185120,0,181056,4254,11,4000
2021-03-19,185376,256,181312,4264,10,4010
2021-03-20,185376,0,181312,4276,12,4022
2021-03-21,185664,288,181600,4291,15,4037
2021-03-22,185664,0,181600,4310,19,4056
2021-03-23,186016,352,181952,4320,10,4066
2021-03-24,186016,0,181952,4335,15,4081
2021-03-25,186272,256,182208,4355,20,4101
2021-03-26,186560,288,182496,4372,17,4118
2021-03-27,186560,0,182496,4389,17,4135
2021-03-28,186560,0,182496,4399,10,4145
2021-03-29,186816,256,182752,4426,27,4172
2021-03-30,187200,384,183136,4436,10,4182
2021-03-31,187584,384,183520,4447,11,4193
2021-04-01,188096,512,184032,4462,15,4208
2021-04-02,188096,0,184032,4477,15,4223
2021-04-03,188352,256,184288,4497,20,4243
2021-04-04,188384,32,184320,4527,30,4273
2021-04-05,189408,1024,185344,4546,19,4292
2021-04-06,190816,1408,186752,4558,12,4304
2021-04-07,191424,608,187360,4579,21,4325
2021-04-08,191424,0,187360,4602,23,4348
2021-04-09,191712,288,187648,4621,19,4367
2021-04-10,199904,8192,195840,4653,32,4399
2021-04-11,203232,3328,199168,4673,20,4419
2021-04-12,219360,16128,215296,4692,19,4438
2021-04-13,219360,0,215296,4717,25,4463
2021-04-14,219360,0,215296,4730,13,4476
2021-04-15,224416,5056,220352,4757,27,4503
2021-04-16,224416,0,220352,4773,16,4519
2021-04-17,224416,0,220352,4790,17,4536
2021-04-18,224416,0,220352,4807,17,4553
2021-04-19,229216,4800,225152,4822,15,4568
2021-04-20,234016,4800,229952,4829,7,4575
2021-04-21,243616,9600,239552,4841,12,4587
2021-04-22,247776,4160,243712,4864,23,4610
2021-04-23,247776,0,243712,4889,25,4635
2021-04-24,247776,0,243712,4930,41,4676
2021-04-25,248512,736,244448,4974,44,4720
2021-04-26,248768,256,244704,5027,53,4773
2021-04-27,249024,256,244960,5064,37,4810
2021-04-28,252064,3040,248000,5117,53,4863
2021-04-29,252576,512,248512,5185,68,4931
2021-04-30,253248,672,249184,5255,70,5001
2021-05-01,254016,768,249952,5344,89,5090
2021-05-02,254528,512,250464,5405,61,5151
2021-05-03,255328,800,251264,5469,64,5215
2021-05-04,255840,512,251776,5526,57,5272
2021-05-05,268640,12800,264576,5592,66,5338
2021-05-06,270912,2272,266848,5653,61,5399
2021-05-07,304896,33984,300832,5709,56,5455
2021-05-08,328512,23616,324448,5788,79,5534
2021-05-09,329536,1024,325472,5843,55,5589
2021-05-10,331072,1536,327008,5883,40,5629
2021-05-11,331584,512,327520,5900,17,5646
2021-05-12,331840,256,327776,5936,36,5682
2021-05-13,331840,0,327776,5976,40,5722
2021-05-14,331840,0,327776,6023,47,5769
2021-05-15,338880,7040,334816,6062,39,5808
2021-05-16,341440,2560,337376,6113,51,5859
2021-05-17,342976,1536,338912,6163,50,5909
2021-05-18,342976,0,338912,6227,64,5973
2021-05-19,346176,3200,342112,6262,35,6008
2021-05-20,346176,0,342112,6316,54,6062
2021-05-21,346176,0,342112,6380,64,6126
2021-05-22,375936,29760,371872,6449,69,6195
2021-05-23,404736,28800,400672,6505,56,6251
2021-05-24,407328,2592,403264,6596,91,6342
2021-05-25,416320,8992,412256,6698,102,6444
2021-05-26,416320,0,412256,6792,94,6538
2021-05-27,436096,19776,432032,6878,86,6624
2021-05-28,436384,288,432320,6938,60,6684
2021-05-29,437248,864,433184,7011,73,6757
2021-05-30,437952,704,433888,7083,72,6829
2021-05-31,444608,6656,440544,7164,81,6910
2021-06-01,444608,0,440544,7280,116,7026
2021-06-02,444608,0,440544,7384,104,7130
2021-06-03,450368,5760,446304,7465,81,7211
2021-06-04,451808,1440,447744,7550,85,7296
2021-06-05,451808,0,447744,7634,84,7380
2021-06-06,451808,0,447744,7738,104,7484
2021-06-07,456032,4224,451968,7833,95,7579
2021-06-08,457344,1312,453280,7899,66,7645
2021-06-09,458400,1056,454336,7978,79,7724
2021-06-10,458400,0,454336,8070,92,7816
2021-06-11,463200,4800,459136,8143,73,7889
2021-06-12,468000,4800,463936,8236,93,7982
2021-06-13,489120,21120,485056,8333,97,8079
2021-06-14,491904,2784,487840,8425,92,8171
2021-06-15,493920,2016,489856,8531,106,8277
2021-06-16,498720,4800,494656,8620,89,8366
2021-06-17,514112,15392,510048,8694,74,8440
2021-06-18,516320,2208,512256,8753,59,8499
2021-06-19,523456,7136,519392,8825,72,8571
2021-06-20,523456,0,519392,8903,78,8649
2021-06-21,526816,3360,522752,8943,40,8689
2021-06-22,527072,256,523008,8980,37,8726
2021-06-23,527072,0,523008,9066,86,8812
2021-06-24,527072,0,523008,9106,40,8852
2021-06-25,530496,3424,526432,9167,61,8913
2021-06-26,531008,512,526944,9210,43,8956
2021-06-27,531008,0,526944,9261,51,9007
2021-06-28,531008,0,526944,9318,57,9064
2021-06-29,542816,11808,538752,9374,56,9120
2021-06-30,547424,4608,543360,9430,56,9176
2021-07-01,573632,26208,569568,9487,57,9233
2021-07-02,573632,0,569568,9562,75,9308
2021-07-03,573632,0,569568,9628,66,9374
2021-07-04,573632,0,569568,9708,80,9454
2021-07-05,593600,19968,589536,9771,63,9517
2021-07-06,595936,2336,591872,9813,42,9559
2021-07-07,596224,288,592160,9868,55,9614
2021-07-08,596224,0,592160,9915,47,9661
2021-07-09,596224,0,592160,9960,45,9706
2021-07-10,596224,0,592160,10053,93,9799
2021-07-11,596224,0,592160,10123,70,9869
2021-07-12,596224,0,592160,10157,34,9903
2021-07-13,596224,0,592160,10204,47,9950
2021-07-14,596224,0,592160,10238,34,9984
2021-07-15,596224,0,592160,10283,45,10029
2021-07-16,625056,28832,620992,10327,44,10073
2021-07-17,633344,8288,629280,10376,49,10122
2021-07-18,633600,256,629536,10434,58,10180
2021-07-19,633600,0,629536,10490,56,10236
2021-07-20,633600,0,629536,10553,63,10299
2021-07-21,633600,0,629536,10632,79,10378
2021-07-22,633600,0,629536,10687,55,10433
2021-07-23,653632,20032,649568,10740,53,10486
2021-07-24,654560,928,650496,10794,54,10540
2021-07-25,655008,448,650944,10842,48,10588
2021-07-26,655008,0,650944,10900,58,10646
2021-07-27,655008,0,650944,10957,57,10703
2021-07-28,663424,8416,659360,11010,53,10756
2021-07-29,665312,1888,661248,11062,52,10808
2021-07-30,673952,8640,669888,11117,55,10863
2021-07-31,674336,384,670272,11178,61,10924
2021-08-01,683136,8800,679072,11242,64,10988
2021-08-02,683136,0,679072,11335,93,11081
2021-08-03,692736,9600,688672,11413,78,11159
2021-08-04,716320,23584,712256,11492,79,11238
2021-08-05,723488,7168,719424,11553,61,11299
2021-08-06,726016,2528,721952,11639,86,11385
2021-08-07,731456,5440,727392,11750,111,11496
2021-08-08,733824,2368,729760,11862,112,11608
2021-08-09,736544,2720,732480,11978,116,11724
2021-08-10,738912,2368,734848,12111,133,11857
2021-08-11,738912,0,734848,12229,118,11975
2021-08-12,740032,1120,735968,12419,190,12165
2021-08-13,747872,7840,743808,13292,873,13038
2021-08-14,752672,4800,748608,14358,1066,14104
2021-08-15,757472,4800,753408,15100,742,14846
2021-08-16,768032,10560,763968,15813,713,15559
2021-08-17,819776,51744,815712,16513,700,16259
2021-08-18,835456,15680,831392,17139,626,16885
2021-08-19,867872,32416,863808,17709,570,17455
2021-08-20,877472,9600,873408,18243,534,17989
2021-08-21,909376,31904,905312,18775,532,18521
2021-08-22,931008,21632,926944,19316,541,19062
2021-08-23,953600,22592,949536,19783,467,19529
2021-08-24,953600,0,949536,20091,308,19837
2021-08-25,953600,0,949536,20369,278,20115
2021-08-26,953600,0,949536,20689,320,20435
2021-08-27,953600,0,949536,20946,257,20692
2021-08-28,985600,32000,981536,21223,277,20969
2021-08-29,1036800,51200,1032736,21527,304,21273
2021-08-30,1036800,0,1032736,21740,213,21486
2021-08-31,1036800,0,1032736,21977,237,21723
2021-09-01,1036800,0,1032736,22222,245,21968
2021-09-02,1088000,51200,1083936,22450,228,22196
2021-09-03,1100800,12800,1096736,22629,179,22375
2021-09-04,1100800,0,1096736,22802,173,22548
2021-09-05,1158400,57600,1154336,23011,209,22757
2021-09-06,1164800,6400,1160736,23183,172,22929
2021-09-07,1164800,0,1160736,23312,129,23058
2021-09-08,1164800,0,1160736,23452,140,23198
2021-09-09,1164800,0,1160736,23598,146,23344
2021-09-10,1177600,12800,1173536,23747,149,23493
2021-09-11,1237120,59520,1233056,23967,220,23713
2021-09-12,1237120,0,1233056,24228,261,23974
2021-09-13,1237120,0,1233056,24379,151,24125
2021-09-14,1246720,9600,1242656,24544,165,24290
2021-09-15,1246720,0,1242656,24693,149,24439
2021-09-16,1246720,0,1242656,24841,148,24587
2021-09-17,1246720,0,1242656,24975,134,24721
2021-09-18,1274656,27936,1270592,25156,181,24902
2021-09-19,1274656,0,1270592,25358,202,25104
2021-09-20,1274656,0,1270592,25499,141,25245
2021-09-21,1274656,0,1270592,25632,133,25378
2021-09-22,1274656,0,1270592,25793,161,25539
2021-09-23,1274656,0,1270592,25956,163,25702
2021-09-24,1274656,0,1270592,26096,140,25842
2021-09-25,1274656,0,1270592,26238,142,25984
2021-09-26,1274656,0,1270592,26375,137,26121
2021-09-27,1274656,0,1270592,26492,117,26238
2021-09-28,1289056,14400,1284992,26594,102,26340
2021-09-29,1289056,0,1284992,26698,104,26444
2021-09-30,1289056,0,1284992,26794,96,26540
2021-10-01,1289056,0,1284992,26928,134,26674
2021-10-02,1289056,0,1284992,27087,159,26833
2021-10-03,1289056,0,1284992,27280,193,27026
2021-10-04,1289056,0,1284992,27387,107,27133
2021-10-05,1340032,50976,1335968,27498,111,27244
2021-10-06,1340032,0,1335968,27622,124,27368
2021-10-07,1340032,0,1335968,27745,123,27491
2021-10-08,1340032,0,1335968,27954,209,27700
2021-10-09,1340032,0,1335968,28160,206,27906
2021-10-10,1340032,0,1335968,28371,211,28117
2021-10-11,1340032,0,1335968,28537,166,28283
2021-10-12,1340032,0,1335968,28692,155,28438
2021-10-13,1340032,0,1335968,28842,150,28588
2021-10-14,1340032,0,1335968,28965,123,28711
2021-10-15,1340032,0,1335968,29049,84,28795
2021-10-16,1340032,0,1335968,29186,137,28932
2021-10-17,1340032,0,1335968,29346,160,29092
2021-10-18,1340032,0,1335968,29489,143,29235
2021-10-19,1340032,0,1335968,29633,144,29379
2021-10-20,1340032,0,1335968,29785,152,29531
2021-10-21,1340032,0,1335968,29930,145,29676
2021-10-22,1340032,0,1335968,30072,142,29818
2021-10-23,1340032,0,1335968,30215,143,29961
2021-10-24,1340032,0,1335968,30362,147,30108
2021-10-25,1340032,0,1335968,30483,121,30229
2021-10-26,1340032,0,1335968,30590,107,30336
2021-10-27,1344832,4800,1340768,30678,88,30424
2021-10-28,1344832,0,1340768,30751,73,30497
2021-10-29,1349632,4800,1345568,30826,75,30572
2021-10-30,1383232,33600,1379168,30913,87,30659
2021-10-31,1383232,0,1379168,31013,100,30759
2021-11-01,1383232,0,1379168,31157,144,30903
2021-11-02,1383232,0,1379168,31266,109,31012
2021-11-03,1383232,0,1379168,31373,107,31119
2021-11-04,1383232,0,1379168,31505,132,31251
2021-11-05,1407232,24000,1403168,31621,116,31367
2021-11-06,1407232,0,1403168,31758,137,31504
2021-11-07,1407232,0,1403168,31931,173,31677
2021-11-08,1407232,0,1403168,32063,132,31809
2021-11-09,1407232,0,1403168,32181,118,31927
2021-11-10,1407232,0,1403168,32303,122,32049
2021-11-11,1407232,0,1403168,32415,112,32161
2021-11-12,1407232,0,1403168,32530,115,32276
2021-11-13,1407232,0,1403168,32655,125,32401
2021-11-14,1407232,0,1403168,32833,178,32579
2021-11-15,1407232,0,1403168,32960,127,32706
2021-11-16,1445632,38400,1441568,33074,114,32820
2021-11-17,1445632,0,1441568,33185,111,32931
2021-11-18,1451616,5984,1447552,33306,121,33052
2021-11-19,1454240,2624,1450176,33408,102,33154
2021-11-20,1456416,2176,1452352,33560,152,33306
2021-11-21,1458528,2112,1454464,33714,154,33460
2021-11-22,1460832,2304,1456768,33793,79,33539
2021-11-23,1463968,3136,1459904,33879,86,33625
2021-11-24,1468064,4096,1464000,33981,102,33727
2021-11-25,1469088,1024,1465024,34102,121,33848
2021-11-26,1470112,1024,1466048,34211,109,33957
2021-11-27,1470112,0,1466048,34337,126,34083
2021-11-28,1474176,4064,1470112,34450,113,34196
2021-11-29,1475200,1024,1471136,34545,95,34291
2021-11-30,1480000,4800,1475936,34663,118,34409
2021-12-01,1483296,3296,1479232,34772,109,34518
2021-12-02,1484704,1408,1480640,34900,128,34646
2021-12-03,1495200,10496,1491136,35011,111,34757
2021-12-04,1496416,1216,1492352,35127,116,34873
2021-12-05,1500384,3968,1496320,35292,165,35038
2021-12-06,1501408,1024,1497344,35395,103,35141
2021-12-07,1515712,14304,1511648,35527,132,35273
2021-12-08,1518816,3104,1514752,35672,145,35418
2021-12-09,1519840,1024,1515776,35816,144,35562
2021-12-10,1521888,2048,1517824,35951,135,35697
2021-12-11,1529568,7680,1525504,36097,146,35843
2021-12-12,1531136,1568,1527072,36248,151,35994
2021-12-13,1532320,1184,1528256,36386,138,36132
2021-12-14,1534528,2208,1530464,36489,103,36235
2021-12-15,1536576,2048,1532512,36608,119,36354
2021-12-16,1539424,2848,1535360,36722,114,36468
2021-12-17,1541568,2144,1537504,36832,110,36578
2021-12-18,1542592,1024,1538528,36971,139,36717
2021-12-19,1557152,14560,1553088,37142,171,36888
2021-12-20,1557152,0,1553088,37257,115,37003
2021-12-21,1558880,1728,1554816,37377,120,37123
2021-12-22,1560224,1344,1556160,37497,120,37243
2021-12-23,1562720,2496,1558656,37638,141,37384
2021-12-24,1574336,11616,1570272,37782,144,37528
2021-12-25,1577632,3296,1573568,37915,133,37661
2021-12-26,1579008,1376,1574944,38075,160,37821
2021-12-27,1580352,1344,1576288,38239,164,37985
2021-12-28,1581984,1632,1577920,38356,117,38102
2021-12-29,1584032,2048,1579968,38461,105,38207
2021-12-30,1585056,1024,1580992,38593,132,38339
2021-12-31,1587104,2048,1583040,38702,109,38448
2022-01-01,1594816,7712,1590752,38855,153,38601
2022-01-02,1597184,2368,1593120,39022,167,38768
2022-01-03,1600544,3360,1596480,39158,136,38904
2022-01-04,1617376,16832,1613312,39280,122,39026
2022-01-05,1621632,4256,1617568,39407,127,39153
2022-01-06,1622720,1088,1618656,39545,138,39291
2022-01-07,1628704,5984,1624640,39663,118,39409
2022-01-08,1630912,2208,1626848,39807,144,39553
2022-01-09,1631968,1056,1627904,39919,112,39665
2022-01-10,1631968,0,1627904,40001,82,39747
2022-01-11,1637792,5824,1633728,40069,68,39815
2022-01-12,1639616,1824,1635552,40152,83,39898
2022-01-13,1643776,4160,1639712,40219,67,39965
2022-01-14,1644448,672,1640384,40291,72,40037
2022-01-15,1646784,2336,1642720,40403,112,40149
2022-01-16,1648256,1472,1644192,40524,121,40270
2022-01-17,1650304,2048,1646240,40607,83,40353
2022-01-18,1652480,2176,1648416,40721,114,40467
2022-01-19,1653792,1312,1649728,40842,121,40588
2022-01-20,1655008,1216,1650944,40953,111,40699
2022-01-21,1658976,3968,1654912,41047,94,40793
2022-01-22,1678176,19200,1674112,41174,127,40920
2022-01-23,1717056,38880,1712992,41325,151,41071
2022-01-24,1722208,5152,1718144,41432,107,41178
2022-01-25,1723936,1728,1719872,41550,118,41296
2022-01-26,1725376,1440,1721312,41651,101,41397
2022-01-27,1733184,7808,1729120,41763,112,41509
2022-01-28,1737248,4064,1733184,41880,117,41626
2022-01-29,1741792,4544,1737728,42017,137,41763
2022-01-30,1744832,3040,1740768,42147,130,41893
2022-01-31,1746144,1312,1742080,42268,121,42014
2022-02-01,1748000,1856,1743936,42368,100,42114
2022-02-02,1748864,864,1744800,42462,94,42208
2022-02-03,1751648,2784,1747584,42555,93,42301
2022-02-04,1762880,11232,1758816,42666,111,42412
2022-02-05,1769984,7104,1765920,42828,162,42574
2022-02-06,1773248,3264,1769184,42988,160,42734
2022-02-07,1777664,4416,1773600,43106,118,42852
2022-02-08,1788480,10816,1784416,43241,135,42987
2022-02-09,1789248,768,1785184,43355,114,43101
2022-02-10,1794592,5344,1790528,43659,304,43405
2022-02-11,1806336,11744,1802272,46089,2430,45835
2022-02-12,1807840,1504,1803776,46561,472,46307
2022-02-13,1816192,8352,1812128,46929,368,46675
2022-02-14,1816800,608,1812736,47223,294,46969
2022-02-15,1822016,5216,1817952,47380,157,47126
2022-02-16,1827584,5568,1823520,47552,172,47298
2022-02-17,1831552,3968,1827488,47733,181,47479
2022-02-18,1842784,11232,1838720,47839,106,47585
2022-02-19,1846944,4160,1842880,47999,160,47745
2022-02-20,1849312,2368,1845248,48152,153,47898
2022-02-21,1850080,768,1846016,48285,133,48031
2022-02-22,1862016,11936,1857952,48412,127,48158
2022-02-23,1912960,50944,1908896,48574,162,48320
2022-02-24,1917344,4384,1913280,48686,112,48432
2022-02-25,1919168,1824,1915104,48829,143,48575
2022-02-26,1926496,7328,1922432,49023,194,48769
2022-02-27,1931296,4800,1927232,49216,193,48962
2022-02-28,1944640,13344,1940576,49373,157,49119
2022-03-01,1974368,29728,1970304,49565,192,49311
2022-03-02,1981408,7040,1977344,49742,177,49488
2022-03-03,2006336,24928,2002272,49936,194,49682
2022-03-04,2019616,13280,2015552,50140,204,49886
2022-03-05,2037504,17888,2033440,50386,246,50132
2022-03-06,2046496,8992,2042432,50966,580,50712
2022-03-07,2071232,24736,2067168,51422,456,51168
2022-03-08,2108288,37056,2104224,51663,241,51409
2022-03-09,2146624,38336,2142560,51921,258,51667
2022-03-10,2175488,28864,2171424,52169,248,51915
2022-03-11,2186368,10880,2182304,52399,230,52145
2022-03-12,2202464,16096,2198400,52666,267,52412
2022-03-13,2206944,4480,2202880,52888,222,52634
2022-03-14,2243296,36352,2239232,53133,245,52879
2022-03-15,2440256,196960,2436192,53386,253,53132
2022-03-16,2491040,50784,2486976,53598,212,53344
2022-03-17,2521728,30688,2517664,53801,203,53547
2022-03-18,2566080,44352,2562016,54005,204,53751
2022-03-19,2663712,97632,2659648,54327,322,54073
2022-03-20,2667584,3872,2663520,54619,292,54365
2022-03-21,2671712,4128,2667648,54882,263,54628
2022-03-22,2685760,14048,2681696,55099,217,54845
2022-03-23,2713888,28128,2709824,55369,270,55115
2022-03-24,2724608,10720,2720544,55622,253,55368
2022-03-25,2738464,13856,2734400,55869,247,55615
2022-03-26,2746368,7904,2742304,56129,260,55875
2022-03-27,2749728,3360,2745664,56576,447,56322
2022-03-28,2755392,5664,2751328,56891,315,56637
2022-03-29,2769856,14464,2765792,57165,274,56911
2022-03-30,2820864,51008,2816800,57421,256,57167
2022-03-31,2895520,74656,2891456,57628,207,57374
2022-04-01,2931136,35616,2927072,57834,206,57580
2022-04-02,2952192,21056,2948128,58084,250,57830
2022-04-03,2985056,32864,2980992,58350,266,58096
2022-04-04,2997056,12000,2992992,58565,215,58311
2022-04-05,3031520,34464,3027456,58760,195,58506
2022-04-06,3056192,24672,3052128,58940,180,58686
2022-04-07,3081120,24928,3077056,59161,221,58907
2022-04-08,3111552,30432,3107488,59377,216,59123
2022-04-09,3126784,15232,3122720,59633,256,59379
2022-04-10,3153280,26496,3149216,59934,301,59680
2022-04-11,3161696,8416,3157632,60150,216,59896
2022-04-12,3180864,19168,3176800,60353,203,60099
2022-04-13,3231072,50208,3227008,60554,201,60300
2022-04-14,3237472,6400,3233408,60743,189,60489
2022-04-15,3304768,67296,3300704,60961,218,60707
2022-04-16,3305856,1088,3301792,61210,249,60956
2022-04-17,3305856,0,3301792,61483,273,61229
2022-04-18,3305856,0,3301792,61720,237,61466
2022-04-19,3369056,63200,3364992,61905,185,61651
2022-04-20,3383616,14560,3379552,62052,147,61798
2022-04-21,3407520,23904,3403456,62215,163,61961
2022-04-22,3446848,39328,3442784,62409,194,62155
2022-04-23,3456736,9888,3452672,62617,208,62363
2022-04-24,3459520,2784,3455456,62852,235,62598
2022-04-25,3470976,11456,3466912,63011,159,62757
2022-04-26,3529856,58880,3525792,63176,165,62922
2022-04-27,3592576,62720,3588512,63345,169,63091
2022-04-28,3630592,38016,3626528,63519,174,63265
2022-04-29,3654432,23840,3650368,63680,161,63426
2022-04-30,3670976,16544,3666912,63842,162,63588
2022-05-01,3721728,50752,3717664,63961,119,63707
2022-05-02,3837888,116160,3833824,64091,130,63837
2022-05-03,3890272,52384,3886208,64254,163,64000
2022-05-04,3922016,31744,3917952,64448,194,64194
2022-05-05,3936992,14976,3932928,64595,147,64341
2022-05-06,3988064,51072,3984000,65209,614,64955
2022-05-07,4001632,13568,3997568,67240,2031,66986
2022-05-08,4004768,3136,4000704,69045,1805,68791
2022-05-09,4065760,60992,4061696,69500,455,69246
2022-05-10,4078048,12288,4073984,69773,273,69519
2022-05-11,4092992,14944,4088928,70283,510,70029
2022-05-12,4099648,6656,4095584,70693,410,70439
2022-05-13,4101984,2336,4097920,71610,917,71356
2022-05-14,4102400,416,4098336,72163,553,71909
2022-05-15,4103904,1504,4099840,72838,675,72584
2022-05-16,4104288,384,4100224,73215,377,72961
2022-05-17,4104960,672,4100896,73450,235,73196
2022-05-18,4105664,704,4101600,73836,386,73582
2022-05-19,4106400,736,4102336,74101,265,73847
2022-05-20,4107232,832,4103168,74374,273,74120
2022-05-21,4107744,512,4103680,74750,376,74496
2022-05-22,4108352,608,4104288,75073,323,74819
2022-05-23,4108928,576,4104864,75427,354,75173
2022-05-24,4109632,704,4105568,75763,336,75509
2022-05-25,4109856,224,4105792,76105,342,75851
2022-05-26,4110272,416,4106208,76275,170,76021
2022-05-27,4110848,576,4106784,76501,226,76247
2022-05-28,4111456,608,4107392,76953,452,76699
2022-05-29,4112800,1344,4108736,77442,489,77188
2022-05-30,4113248,448,4109184,77699,257,77445
2022-05-31,4113472,224,4109408,77892,193,77638
2022-06-01,4114432,960,4110368,78047,155,77793
2022-06-02,4116160,1728,4112096,78284,237,78030
2022-06-03,4116736,576,4112672,78462,178,78208
2022-06-04,4117312,576,4113248,78728,266,78474
2022-06-05,4117632,320,4113568,79000,272,78746
2022-06-06,4118016,384,4113952,79222,222,78968
2022-06-07,4118016,0,4113952,79437,215,79183
2022-06-08,4118656,640,4114592,79600,163,79346
2022-06-09,4118944,288,4114880,79741,141,79487
2022-06-10,4119872,928,4115808,80085,344,79831
2022-06-11,4120096,224,4116032,80463,378,80209
2022-06-12,4120480,384,4116416,80796,333,80542
2022-06-13,4121152,672,4117088,81161,365,80907
2022-06-14,4121152,0,4117088,81420,259,81166
2022-06-15,4121376,224,4117312,81657,237,81403
2022-06-16,4121632,256,4117568,81900,243,81646
2022-06-17,4123040,1408,4118976,82142,242,81888
2022-06-18,4123232,192,4119168,82424,282,82170
2022-06-19,4123232,0,4119168,82738,314,82484
2022-06-20,4123392,160,4119328,82934,196,82680
2022-06-21,4123392,0,4119328,83068,134,82814
2022-06-22,4123584,192,4119520,83196,128,82942
2022-06-23,4123808,224,4119744,83327,131,83073
2022-06-24,4125152,1344,4121088,83494,167,83240
2022-06-25,4125344,192,4121280,83644,150,83390
2022-06-26,4125568,224,4121504,83779,135,83525
2022-06-27,4125760,192,4121696,83884,105,83630
2022-06-28,4126048,288,4121984,84032,148,83778
2022-06-29,4126272,224,4122208,84130,98,83876
2022-06-30,4126528,256,4122464,84248,118,83994
2022-07-01,4127136,608,4123072,84410,162,84156
2022-07-02,4127392,256,4123328,84663,253,84409
2022-07-03,4127488,96,4123424,85036,373,84782
2022-07-04,4127808,320,4123744,85205,169,84951
2022-07-05,4127936,128,4123872,85367,162,85113
2022-07-06,4128096,160,4124032,85511,144,85257
2022-07-07,4128352,256,4124288,85672,161,85418
2022-07-08,4128736,384,4124672,85832,160,85578
2022-07-09,4128832,96,4124768,86068,236,85814
2022-07-10,4128960,128,4124896,86259,191,86005
2022-07-11,4129088,128,4125024,86435,176,86181
2022-07-12,4129408,320,4125344,86566,131,86312
2022-07-13,4129600,192,4125536,86720,154,86466
2022-07-14,4129728,128,4125664,86910,190,86656
2022-07-15,4129856,128,4125792,87069,159,86815
2022-07-16,4129984,128,4125920,87304,235,87050
2022-07-17,4130336,352,4126272,87536,232,87282
2022-07-18,4130528,192,4126464,87741,205,87487
2022-07-19,4130912,384,4126848,87916,175,87662
2022-07-20,4131264,352,4127200,88090,174,87836
2022-07-21,4137344,6080,4133280,88309,219,88055
2022-07-22,4138048,704,4133984,88582,273,88328
2022-07-23,4138368,320,4134304,88895,313,88641
2022-07-24,4138720,352,4134656,89267,372,89013
2022-07-25,4139008,288,4134944,89510,243,89256
2022-07-26,4139136,128,4135072,89630,120,89376
2022-07-27,4139264,128,4135200,89882,252,89628
2022-07-28,4139616,352,4135552,90082,200,89828
2022-07-29,4140192,576,4136128,90283,201,90029
2022-07-30,4140448,256,4136384,90550,267,90296
2022-07-31,4140736,288,4136672,90879,329,90625
2022-08-01,4141184,448,4137120,91083,204,90829
2022-08-02,4141664,480,4137600,91298,215,91044
2022-08-03,4141856,192,4137792,91545,247,91291
2022-08-04,4142304,448,4138240,91738,193,91484
2022-08-05,4142976,672,4138912,92022,284,91768
2022-08-06,4143296,320,4139232,92282,260,92028
2022-08-07,4143840,544,4139776,92836,554,92582
2022-08-08,4143904,64,4139840,93069,233,92815
2022-08-09,4144352,448,4140288,93269,200,93015
2022-08-10,4144480,128,4140416,93474,205,93220
2022-08-11,4145376,896,4141312,93677,203,93423
2022-08-12,4145856,480,4141792,93950,273,93696
2022-08-13,4146784,928,4142720,94325,375,94071
2022-08-14,4146976,192,4142912,94834,509,94580
2022-08-15,4147840,864,4143776,95042,208,94788
2022-08-16,4148160,320,4144096,95295,253,95041
2022-08-17,4148448,288,4144384,95608,313,95354
2022-08-18,4148832,384,4144768,95863,255,95609
2022-08-19,4149024,192,4144960,96030,167,95776
2022-08-20,4149376,352,4145312,96354,324,96100
2022-08-21,4149728,352,4145664,96746,392,96492
2022-08-22,4149920,192,4145856,96961,215,96707
2022-08-23,4150976,1056,4146912,97157,196,96903
2022-08-24,4152032,1056,4147968,97453,296,97199
2022-08-25,4152384,352,4148320,97702,249,97448
2022-08-26,4153280,896,4149216,97974,272,97720
2022-08-27,4153536,256,4149472,98337,363,98083
2022-08-28,4153728,192,4149664,98761,424,98507
2022-08-29,4153952,224,4149888,98804,43,98550
2022-08-30,4154624,672,4150560,99024,220,98770
2022-08-31,4154848,224,4150784,99185,161,98931
2022-09-01,4155232,384,4151168,99364,179,99110
2022-09-02,4156288,1056,4152224,99506,142,99252
2022-09-03,4156736,448,4152672,99885,379,99631
2022-09-04,4156928,192,4152864,100228,343,99974
2022-09-05,4157248,320,4153184,100495,267,100241
2022-09-06,4157664,416,4153600,100717,222,100463
2022-09-07,4157824,160,4153760,100858,141,100604
2022-09-08,4158080,256,4154016,101046,188,100792
2022-09-09,4158368,288,4154304,101231,185,100977
2022-09-10,4158752,384,4154688,101410,179,101156
2022-09-11,4158880,128,4154816,101934,524,101680
2022-09-12,4160704,1824,4156640,102168,234,101914
2022-09-13,4161248,544,4157184,102432,264,102178
2022-09-14,4161536,288,4157472,102572,140,102318
2022-09-15,4162208,672,4158144,102912,340,102658
2022-09-16,4165344,3136,4161280,103655,743,103401
2022-09-17,4168960,3616,4164896,104486,831,104232
2022-09-18,4171680,2720,4167616,105219,733,104965
2022-09-19,4174688,3008,4170624,105774,555,105520
2022-09-20,4182016,7328,4177952,106227,453,105973
2022-09-21,4186752,4736,4182688,106597,370,106343
2022-09-22,4194144,7392,4190080,107105,508,106851
